8634
2699
4158
8948
400
3191
1760
5126
3090
273
6661
8829
1096
9457
249
617
5982
607
9539
706
6947
7342
7018
3125
1682
4595
7714
3400
3767
3909
329
1171
4061
6454
6282
3685
682
2269
1267
9817
3480
3995
7470
6471
9966
5656
8189
9101
1408
26
4703
7339
6851
4898
9519
1321
7417
8403
3603
9365
1200
821
3560
3147
3677
995
666
4974
7160
574
7160
371
2077
4656
4229
1580
1369
8627
3564
2764
9509
6326
3255
6889
4033
240
4026
3030
2823
611
3334
1967
4530
4919
765
190
3708
7031
3957
3653
5510
5735
3470
8867
8559
7490
5027
8104
4219
5182
3226
2384
4632
3314
9474
1737
5495
2747
8252
5849
587
2070
1247
3486
7177
5232
7608
1458
2601
6039
4051
2566
2287
6412
557
3485
1635
1087
4380
5171
6004
5137
5754
857
9146
2314
4186
5471
7193
3563
9721
6857
7133
8109
1295
857
3267
7735
8574
2305
9623
5542
1475
4627
5039
2561
3519
8895
6208
8044
9079
3190
6945
7607
170
9917
1939
34
7261
6014
7593
2619
5049
6988
1119
2133
604
4854
3511
2899
4007
7704
7981
6491
5787
3000
4370
7813
362
3396
3404
26
6727
3273
4106
8375
871
2587
9846
4911
9600
1059
3400
3025
1768
6440
5069
2980
329
4230
8547
5757
5606
8269
2432
48
6030
6364
205
2495
4571
4633
8524
6390
2837
5475
8885
5795
1426
3409
746
5006
7116
193
9187
8976
2714
8008
3589
8908
7594
7450
9614
8784
8001
3292
1480
3960
9375
4090
2946
6042
4172
8424
2096
2011
26
2307
563
311
9604
2346
3110
1416
9250
4050
5782
1442
8851
2888
6997
3950
8447
9056
9347
5231
3338
8174
2608
2440
2802
9855
4199
4027
6524
2545
5406
1005
3368
7313
4950
1481
2268
772
4566
5310
7005
7115
2828
4508
1696
8062
3729
7833
4513
1340
1921
9290
684
3301
2859
5756
4600
589
8123
5969
7198
9459
7181
1673
3009
2788
9534
523
7906
9662
3979
8727
5618
5095
7123
929
4756
5543
6132
850
8745
9584
2779
8444
8170
1928
8272
6618
7886
7362
8905
7081
3817
716
8813
2758
365
2333
4463
